 
****************************************
Report : net
Design : clock
Version: O-2018.06-SP1
Date   : Sun Mar 13 21:18:59 2022
****************************************


Operating Conditions: nom_pvt   Library: lsi_10k
Wire Load Model Mode: top


Attributes:
   dr - drc disabled

Net                 Fanout     Fanin      Load   Resistance    Pins   Attributes
--------------------------------------------------------------------------------
N14                      2         1      3.00         0.00       3   
N17                      2         1      2.00         0.00       3   
an[0]                    1         1      0.00         0.00       2   
an[1]                    1         1      0.00         0.00       2   
an[2]                    1         1      0.00         0.00       2   
an[3]                    1         1      0.00         0.00       2   
btn[0]                   2         1      3.00         0.00       3   
btn[1]                   4         1      5.50         0.00       5   
btn[2]                   2         1      2.50         0.00       3   
btn[3]                   1         1      1.00         0.00       2   
clk1                    54         1     54.00         0.00      55   dr
hours[0]                 4         1      4.00         0.00       5   
hours[1]                 4         1      4.00         0.00       5   
hours[2]                 4         1      4.00         0.00       5   
hours[3]                 3         1      3.00         0.00       4   
hours[4]                 4         1      4.00         0.00       5   
hours[5]                 2         1      2.00         0.00       3   
hours[6]                 2         1      2.00         0.00       3   
hours[7]                 1         1      1.00         0.00       2   
led[0]                   2         1      1.00         0.00       3   
led[6]                   9         1      0.00         0.00      10   dr
led[7]                   1         1      0.00         0.00       2   
mins[0]                  6         1      6.00         0.00       7   
mins[1]                  3         1      3.00         0.00       4   
mins[2]                  5         1      5.00         0.00       6   
mins[3]                  4         1      4.00         0.00       5   
mins[4]                  8         1      8.00         0.00       9   
mins[5]                  5         1      5.00         0.00       6   
mins[6]                  7         1      7.00         0.00       8   
mins[7]                  3         1      3.00         0.00       4   
n20                      1         1      2.00         0.00       2   
n21                      1         1      2.00         0.00       2   
n22                      1         1      2.00         0.00       2   
n23                      1         1      2.00         0.00       2   
n24                      1         1      2.00         0.00       2   
n25                      1         1      2.00         0.00       2   
n26                      1         1      2.00         0.00       2   
n27                      1         1      2.00         0.00       2   
n28                      1         1      2.00         0.00       2   
n29                      1         1      2.00         0.00       2   
n30                      1         1      2.00         0.00       2   
n31                      1         1      2.00         0.00       2   
n32                      1         1      2.00         0.00       2   
n33                      1         1      2.00         0.00       2   
n34                      1         1      2.00         0.00       2   
n35                      1         1      2.00         0.00       2   
n36                      1         1      1.00         0.00       2   
n37                      1         1      1.00         0.00       2   
n38                      1         1      1.00         0.00       2   
n39                      1         1      1.00         0.00       2   
n40                      1         1      1.00         0.00       2   
n41                      1         1      1.00         0.00       2   
n42                      1         1      1.00         0.00       2   
n43                      1         1      1.00         0.00       2   
n44                      1         1      1.00         0.00       2   
n45                      1         1      1.00         0.00       2   
n46                      1         1      1.00         0.00       2   
n47                      1         1      1.00         0.00       2   
n48                      1         1      1.00         0.00       2   
n49                      1         1      1.00         0.00       2   
n50                      1         1      1.00         0.00       2   
n51                      1         1      1.00         0.00       2   
n52                      1         1      1.00         0.00       2   
n53                      1         1      1.00         0.00       2   
n54                      5         1      9.00         0.00       6   
n55                      1         1      1.00         0.00       2   
n56                     16         1     16.00         0.00      17   
n57                      1         1      1.00         0.00       2   
n58                      5         1      5.00         0.00       6   
secs[1]                  6         1      9.00         0.00       7   
secs[2]                  5         1      7.00         0.00       6   
secs[3]                  4         1      4.00         0.00       5   
secs[4]                  5         1      6.00         0.00       6   
secs[5]                  4         1      5.00         0.00       5   
secs[6]                  3         1      4.00         0.00       4   
secs[7]                  3         1      3.50         0.00       4   
ssg[0]                   1         1      0.00         0.00       2   
ssg[1]                   1         1      0.00         0.00       2   
ssg[2]                   1         1      0.00         0.00       2   
ssg[3]                   1         1      0.00         0.00       2   
ssg[4]                   1         1      0.00         0.00       2   
ssg[5]                   1         1      0.00         0.00       2   
ssg[6]                   1         1      0.00         0.00       2   
ssg[7]                   1         1      0.00         0.00       2   dr
strobe1                  3         1      4.00         0.00       4   
strobe_1sec             12         1     14.50         0.00      13   
swt[0]                  18         1     19.00         0.00      19   
swt[1]                   1         1      1.00         0.00       2   
swt[2]                   1         1      1.00         0.00       2   
swt[3]                   1         1      1.00         0.00       2   
swt[4]                   1         1      1.00         0.00       2   
swt[5]                   1         1      1.00         0.00       2   
swt[6]                   1         1      1.00         0.00       2   
swt[7]                   1         1      1.00         0.00       2   
vs                       2         1      0.00         0.00       3   dr
--------------------------------------------------------------------------------
Total 95 nets          290        95    302.00         0.00     385
Maximum                 54         1     54.00         0.00      55
Average               3.05      1.00      3.18         0.00    4.05
1
