 
****************************************
Report : net
Design : fsm
Version: O-2018.06-SP1
Date   : Sun Apr 24 13:36:21 2022
****************************************


Operating Conditions: tt1p05v25c   Library: saed32rvt_tt1p05v25c
Wire Load Model Mode: enclosed

Design        Wire Load Model            Library
------------------------------------------------
fsm                    ForQA             saed32rvt_tt1p05v25c


Attributes:
   dr - drc disabled

Net
 Fanout    Fanin     Load      LoadUR    LoadUF    LoadLR    LoadLF    Resist    Pins      Attr
-----------------------------------------------------------------------------------------------
N56
      1         1        0.75      0.78      0.78      0.67      0.65      0.02       2    
b1
      1         1        0.69      0.79      0.78      0.60      0.59      0.02       2    
b2
      2         1        1.36      1.50      1.49      1.27      1.23      0.04       3    
b3
      1         1        0.80      0.85      0.85      0.72      0.73      0.02       2    
clk
      4         1        3.70      3.96      3.93      3.27      3.23      0.08       5    dr
curr_state[0]
      4         1        3.12      3.43      3.40      2.82      2.73      0.08       5    
curr_state[1]
      4         1        2.90      3.27      3.26      2.58      2.56      0.08       5    
curr_state[2]
      1         1        0.66      0.75      0.75      0.58      0.58      0.02       2    
n1
      3         1        3.74      3.55      4.08      3.52      3.68      0.06       4    
n4
      3         1        2.21      2.53      2.50      1.97      1.95      0.06       4    
n5
      1         1        0.71      0.78      0.78      0.65      0.63      0.02       2    
n6
      1         1        0.76      0.88      0.88      0.64      0.64      0.02       2    
n7
      1         1        0.73      0.84      0.83      0.61      0.62      0.02       2    
n11
      1         1        0.67      0.78      0.78      0.55      0.56      0.02       2    
n12
      1         1        0.65      0.75      0.74      0.56      0.57      0.02       2    
n14
      2         1        1.45      1.58      1.58      1.30      1.28      0.04       3    
n15
      1         1        0.69      0.79      0.78      0.60      0.59      0.02       2    
next_state[1]
      1         1        0.75      0.78      0.77      0.67      0.65      0.02       2    
next_state[2]
      1         1        0.75      0.78      0.77      0.67      0.65      0.02       2    
reset
      1         1        0.94      1.02      1.00      0.75      0.74      0.02       2    
signal
      1         1        0.22      0.22      0.22      0.22      0.22      0.02       2    
-----------------------------------------------------------------------------------------------
Total 21 nets
     36        21       28.24     30.58     30.98     25.21     25.11      0.69      57
Maximum
      4         1        3.74      3.96      4.08      3.52      3.68      0.08       5
Average
   1.71      1.00        1.34      1.46      1.48      1.20      1.20      0.03    2.71
1
