Warning: Design 'RAM' has '3' unresolved references. For more detailed information, use the "link" command. (UID-341)
 
****************************************
Report : net
Design : RAM
Version: O-2018.06-SP1
Date   : Sun May 15 23:50:57 2022
****************************************


Operating Conditions: tt1p05v25c   Library: saed32rvt_tt1p05v25c
Wire Load Model Mode: enclosed

Design        Wire Load Model            Library
------------------------------------------------
RAM                    8000              saed32rvt_tt1p05v25c
counter_0              ForQA             saed32rvt_tt1p05v25c
counter_1              ForQA             saed32rvt_tt1p05v25c
counter_1_DW01_inc_0   ForQA             saed32rvt_tt1p05v25c
counter_0_DW01_inc_0   ForQA             saed32rvt_tt1p05v25c


Attributes:
   dr - drc disabled

Net
 Fanout    Fanin     Load      LoadUR    LoadUF    LoadLR    LoadLF    Resist    Pins      Attr
-----------------------------------------------------------------------------------------------
address[0]
      1         2        0.00      0.00      0.00      0.00      0.00      0.02       2    
address[1]
      1         2        0.00      0.00      0.00      0.00      0.00      0.02       2    
address[2]
      1         2        0.00      0.00      0.00      0.00      0.00      0.02       2    
address[3]
      1         2        0.00      0.00      0.00      0.00      0.00      0.02       2    
address[4]
      1         2        0.00      0.00      0.00      0.00      0.00      0.02       2    
address[5]
      1         2        0.00      0.00      0.00      0.00      0.00      0.02       2    
address[6]
      1         2        0.00      0.00      0.00      0.00      0.00      0.02       2    
address[7]
      1         2        0.00      0.00      0.00      0.00      0.00      0.02       2    
address[8]
      1         2        0.00      0.00      0.00      0.00      0.00      0.02       2    
address[9]
      1         2        0.00      0.00      0.00      0.00      0.00      0.02       2    
clk
     24         3       14.73     16.16     16.01     12.39     12.16      2.03      25    dr
data[0]
      1         2        0.00      0.00      0.00      0.00      0.00      0.02       2    
data[1]
      1         2        0.00      0.00      0.00      0.00      0.00      0.02       2    
data[2]
      1         2        0.00      0.00      0.00      0.00      0.00      0.02       2    
data[3]
      1         2        0.00      0.00      0.00      0.00      0.00      0.02       2    
data[4]
      1         2        0.00      0.00      0.00      0.00      0.00      0.02       2    
data[5]
      1         2        0.00      0.00      0.00      0.00      0.00      0.02       2    
data[6]
      1         2        0.00      0.00      0.00      0.00      0.00      0.02       2    
data[7]
      1         2        0.00      0.00      0.00      0.00      0.00      0.02       2    
data_out[0]
      2         1        0.00      0.00      0.00      0.00      0.00      0.02       2    
data_out[1]
      2         1        0.00      0.00      0.00      0.00      0.00      0.02       2    
data_out[2]
      2         1        0.00      0.00      0.00      0.00      0.00      0.02       2    
data_out[3]
      2         1        0.00      0.00      0.00      0.00      0.00      0.02       2    
data_out[4]
      2         1        0.00      0.00      0.00      0.00      0.00      0.02       2    
data_out[5]
      2         1        0.00      0.00      0.00      0.00      0.00      0.02       2    
data_out[6]
      2         1        0.00      0.00      0.00      0.00      0.00      0.02       2    
data_out[7]
      2         1        0.00      0.00      0.00      0.00      0.00      0.02       2    
data_out_p_0_
      2         2        0.00      0.00      0.00      0.00      0.00      0.02       2    
data_out_p_1_
      2         2        0.00      0.00      0.00      0.00      0.00      0.02       2    
data_out_p_2_
      2         2        0.00      0.00      0.00      0.00      0.00      0.02       2    
data_out_p_3_
      2         2        0.00      0.00      0.00      0.00      0.00      0.02       2    
data_out_p_4_
      2         2        0.00      0.00      0.00      0.00      0.00      0.02       2    
data_out_p_5_
      2         2        0.00      0.00      0.00      0.00      0.00      0.02       2    
data_out_p_6_
      2         2        0.00      0.00      0.00      0.00      0.00      0.02       2    
data_out_p_7_
      2         2        0.00      0.00      0.00      0.00      0.00      0.02       2    
datao_0_
      2         2        0.00      0.00      0.00      0.00      0.00      0.02       2    
datao_1_
      2         2        0.00      0.00      0.00      0.00      0.00      0.02       2    
datao_2_
      2         2        0.00      0.00      0.00      0.00      0.00      0.02       2    
datao_3_
      2         2        0.00      0.00      0.00      0.00      0.00      0.02       2    
datao_4_
      2         2        0.00      0.00      0.00      0.00      0.00      0.02       2    
datao_5_
      2         2        0.00      0.00      0.00      0.00      0.00      0.02       2    
datao_6_
      2         2        0.00      0.00      0.00      0.00      0.00      0.02       2    
datao_7_
      2         2        0.00      0.00      0.00      0.00      0.00      0.02       2    
empty_flag
      3         2        0.66      0.73      0.72      0.54      0.51      0.08       4    
full_flag
      3         2        0.66      0.73      0.72      0.54      0.51      0.08       4    
n1
      1         1        0.59      0.63      0.63      0.50      0.52      0.02       2    
n2
      1         1        0.52      0.56      0.57      0.44      0.48      0.02       2    
n3
      1         1        0.54      0.58      0.59      0.47      0.48      0.02       2    
n4
      1         1        0.51      0.60      0.58      0.45      0.44      0.02       2    
n5
      1         1        0.59      0.63      0.63      0.50      0.52      0.02       2    
n6
      1         1        0.52      0.56      0.57      0.44      0.48      0.02       2    
n7
      1         1        0.54      0.58      0.59      0.47      0.48      0.02       2    
n8
      1         1        0.51      0.60      0.58      0.45      0.44      0.02       2    
n9
      1         1        0.53      0.56      0.56      0.45      0.44      0.02       2    
n10
      1         1        0.53      0.56      0.56      0.45      0.44      0.02       2    
n31
     12         1        6.53      7.92      7.95      5.11      5.06      0.56      13    
n32
      2         3        0.00      0.00      0.00      0.00      0.00      0.02       3    dr
n33
     21        22        0.29      0.29      0.29      0.29      0.29      1.45      22    dr
n34
      1         1        0.54      0.66      0.67      0.42      0.42      0.02       2    
n35
      1         1        0.51      0.62      0.62      0.39      0.41      0.02       2    
n36
      1         1        0.51      0.62      0.62      0.39      0.41      0.02       2    
n37
      1         1        0.51      0.62      0.62      0.39      0.41      0.02       2    
n38
      1         1        0.51      0.62      0.62      0.39      0.41      0.02       2    
n39
      1         1        0.51      0.62      0.62      0.39      0.41      0.02       2    
n40
      1         1        0.51      0.62      0.62      0.39      0.41      0.02       2    
n41
      1         1        0.51      0.62      0.62      0.39      0.41      0.02       2    
n42
      1         1        0.51      0.62      0.62      0.39      0.41      0.02       2    
n43
      2         1        1.08      1.25      1.24      0.88      0.88      0.05       3    
n44
      1         1        0.49      0.57      0.56      0.44      0.42      0.02       2    
n45
      1         1        0.51      0.60      0.59      0.45      0.43      0.02       2    
n46
      1         1        0.51      0.60      0.59      0.45      0.43      0.02       2    
n47
      1         1        0.51      0.60      0.59      0.45      0.43      0.02       2    
n48
      1         1        0.51      0.60      0.59      0.45      0.43      0.02       2    
n49
      1         1        0.51      0.60      0.59      0.45      0.43      0.02       2    
n50
      1         1        0.51      0.60      0.59      0.45      0.43      0.02       2    
n51
      1         1        0.51      0.60      0.59      0.45      0.43      0.02       2    
n52
      2         1        1.07      1.22      1.21      0.94      0.91      0.05       3    
n53
      2         1        1.10      1.28      1.26      0.92      0.86      0.05       3    
n_0_net_
     12         1        6.25      7.33      7.23      5.19      5.03      0.56      13    
n_22_net_
      1         2        0.00      0.00      0.00      0.00      0.00      0.02       2    
rd_address[0]
      5         1        3.34      3.84      3.82      2.62      2.60      0.15       6    
rd_address[1]
      4         1        2.61      3.01      2.98      2.17      2.13      0.12       5    
rd_address[2]
      4         1        2.55      2.92      2.90      2.11      2.07      0.12       5    
rd_address[3]
      4         1        2.56      2.96      2.94      2.10      2.06      0.12       5    
rd_address[4]
      4         1        2.54      2.87      2.85      2.15      2.09      0.12       5    
rd_address[5]
      4         1        2.59      2.97      2.95      2.14      2.10      0.12       5    
rd_address[6]
      4         1        2.61      3.03      3.02      2.13      2.10      0.12       5    
rd_address[7]
      4         1        2.58      2.93      2.91      2.18      2.13      0.12       5    
rd_address[8]
      3         1        2.11      2.39      2.38      1.76      1.72      0.08       4    
rd_address[9]
      3         1        2.17      2.40      2.39      1.81      1.76      0.08       4    
re_wr
     23         2       11.60     13.47     13.33      9.84      9.50      1.88      24    
re_wr_p
      2         1        0.73      0.80      0.79      0.53      0.52      0.02       2    
rst_n
     23         2       22.03     20.66     24.55     20.42     21.63      1.88      24    
wr_address[0]
      5         1        3.25      3.68      3.65      2.57      2.54      0.15       6    
wr_address[1]
      4         1        2.56      2.96      2.94      2.10      2.06      0.12       5    
wr_address[2]
      4         1        2.54      2.87      2.85      2.15      2.09      0.12       5    
wr_address[3]
      4         1        2.60      3.00      2.98      2.16      2.12      0.12       5    
wr_address[4]
      4         1        2.64      3.09      3.07      2.16      2.12      0.12       5    
wr_address[5]
      4         1        2.61      3.01      2.98      2.17      2.13      0.12       5    
wr_address[6]
      4         1        2.59      2.97      2.95      2.14      2.10      0.12       5    
wr_address[7]
      4         1        2.61      3.03      3.02      2.13      2.10      0.12       5    
wr_address[8]
      4         1        2.58      2.93      2.91      2.18      2.13      0.12       5    
wr_address[9]
      3         1        2.17      2.40      2.39      1.81      1.76      0.08       4    
-----------------------------------------------------------------------------------------------
Total 103 nets
    304       167      132.73    147.53    150.50    112.22    111.74     12.55     382
Maximum
     24        22       22.03     20.66     24.55     20.42     21.63      2.03      25
Average
   2.95      1.62        1.29      1.43      1.46      1.09      1.08      0.12    3.71
1
